Final depth-16 candidate diagnostics; GCC 16.2 -O2; one run per case.
[ascending 100000]
path_max,ascending,100000,4
diag,ascending,100000,1568929,1568929,99983,17,0,0,0,0,0,0,0,0,300001,12628392,2.051,3,4,8.204,16,22.407,38,10702928,4800000,3200000,2702872,48
relabel,ascending,100000,100000,0,0,0,0,0,0,0
placement,ascending,100000,99999,1,99935,0,0,0,0,0,0,0,205089,4
rebuild_reasons,ascending,100000,0,0,0
tree,ascending,100000,0,1,72.380,72.380,72.380,0
[ascending 300000]
path_max,ascending,300000,10
diag,ascending,300000,5175713,5175713,299981,19,0,0,0,0,0,0,103958,0,900001,64335352,5.102,9,10,20.407,40,46.814,86,44556600,14400000,9600000,20556544,48
relabel,ascending,300000,300000,0,0,0,0,0,0,0
placement,ascending,300000,299999,1,299935,0,0,0,0,0,0,0,1530533,10
rebuild_reasons,ascending,300000,0,0,0
tree,ascending,300000,0,1,405.266,405.266,405.266,0
[ascending 500000]
path_max,ascending,500000,16
diag,ascending,500000,8975713,8975713,499981,19,0,0,0,0,0,0,303958,0,1500001,144335712,8.153,15,16,32.611,64,71.221,134,92557152,24000000,16000000,52557096,48
relabel,ascending,500000,500000,0,0,0,0,0,0,0
placement,ascending,500000,499999,1,499935,0,0,0,0,0,0,0,4076329,16
rebuild_reasons,ascending,500000,0,0,0
tree,ascending,500000,0,1,1041.302,1041.302,1041.302,0
[ascending 1000000]
path_max,ascending,1000000,16
diag,ascending,1000000,18951425,18951425,999980,20,1,1,0,16,523722,523722,630409,0,5096064,588908496,6.173,14,15,24.692,64,55.385,134,165980120,48000000,32000000,85980064,48
relabel,ascending,1000000,999999,1,1,16,523722,523722,1,523722
placement,ascending,1000000,999998,1,999934,1,0,1,0,1048002,1048019,523722,8504632,17
rebuild_reasons,ascending,1000000,0,0,0
tree,ascending,1000000,0,1,3079.113,3079.113,3079.113,0
[equal 100000]
path_max,equal,100000,4
diag,equal,100000,1568929,1568929,99983,17,0,0,0,0,0,0,0,0,300001,12628392,2.051,3,4,8.204,16,22.407,38,10702928,4800000,3200000,2702872,48
relabel,equal,100000,100000,0,0,0,0,0,0,0
placement,equal,100000,99999,1,99935,0,0,0,0,0,0,0,205089,4
rebuild_reasons,equal,100000,0,0,0
tree,equal,100000,0,1,67.364,67.364,67.364,0
[equal 300000]
path_max,equal,300000,10
diag,equal,300000,5175713,5175713,299981,19,0,0,0,0,0,0,103958,0,900001,64335352,5.102,9,10,20.407,40,46.814,86,44556600,14400000,9600000,20556544,48
relabel,equal,300000,300000,0,0,0,0,0,0,0
placement,equal,300000,299999,1,299935,0,0,0,0,0,0,0,1530533,10
rebuild_reasons,equal,300000,0,0,0
tree,equal,300000,0,1,423.774,423.774,423.774,0
[equal 500000]
path_max,equal,500000,16
diag,equal,500000,8975713,8975713,499981,19,0,0,0,0,0,0,303958,0,1500001,144335712,8.153,15,16,32.611,64,71.221,134,92557152,24000000,16000000,52557096,48
relabel,equal,500000,500000,0,0,0,0,0,0,0
placement,equal,500000,499999,1,499935,0,0,0,0,0,0,0,4076329,16
rebuild_reasons,equal,500000,0,0,0
tree,equal,500000,0,1,1047.474,1047.474,1047.474,0
[equal 1000000]
path_max,equal,1000000,16
diag,equal,1000000,18951425,18951425,999980,20,1,1,0,16,523722,523722,630409,0,5096064,588908496,6.173,14,15,24.692,64,55.385,134,165980120,48000000,32000000,85980064,48
relabel,equal,1000000,999999,1,1,16,523722,523722,1,523722
placement,equal,1000000,999998,1,999934,1,0,1,0,1048002,1048019,523722,8504632,17
rebuild_reasons,equal,1000000,0,0,0
tree,equal,1000000,0,1,3118.002,3118.002,3118.002,0
[descending 100000]
path_max,descending,100000,1
diag,descending,100000,1568929,1568929,99983,17,0,0,0,0,0,0,0,0,300001,9600040,1.000,1,1,4.350,5,14.000,14,9600040,4800000,3200000,1599984,48
relabel,descending,100000,100000,0,0,0,0,0,0,0
placement,descending,100000,99999,1,99935,0,0,0,0,0,0,0,99999,1
rebuild_reasons,descending,100000,0,0,0
tree,descending,100000,0,1,43.263,43.263,43.263,0
[descending 300000]
path_max,descending,300000,1
diag,descending,300000,5175713,5175713,299981,19,0,0,0,0,0,0,0,0,900001,28800040,1.000,1,1,4.783,5,14.000,14,28800040,14400000,9600000,4799984,48
relabel,descending,300000,300000,0,0,0,0,0,0,0
placement,descending,300000,299999,1,299935,0,0,0,0,0,0,0,299999,1
rebuild_reasons,descending,300000,0,0,0
tree,descending,300000,0,1,141.047,141.047,141.047,0
[descending 500000]
path_max,descending,500000,1
diag,descending,500000,8975713,8975713,499981,19,0,0,0,0,0,0,0,0,1500001,48000040,1.000,1,1,4.870,5,14.000,14,48000040,24000000,16000000,7999984,48
relabel,descending,500000,500000,0,0,0,0,0,0,0
placement,descending,500000,499999,1,499935,0,0,0,0,0,0,0,499999,1
rebuild_reasons,descending,500000,0,0,0
tree,descending,500000,0,1,243.850,243.850,243.850,0
