# V3 Preview.2 diagnostic comparison
Seed 0x91A30D47; one run; diagnostic builds are not timing comparisons.
Preview.1 workdiag is a temporary instrumented build of the exact published source; only counters added, source worktree restored clean.
[v2.0.0 ascending 100000]
diag,ascending,100000,1639288,1639288,99958,18,90,81,9,27,5,405,64242,9,1870842,120173304,3.881,5,6,15.523,24,37.045,54,28341744,4800000,3200000,6001184,48
rebuild_reasons,ascending,100000,0,9,522876
tree,ascending,100000,0,1,446.736,446.736,446.736,0
[v3.0.0-preview.1 ascending 100000]
diag,ascending,100000,1568929,1568929,99983,17,100,100,0,66,89494,293524,35518,0,1739366,155027832,3.987,6,7,15.950,28,37.899,62,22181704,4800000,3200000,6065528,48
relabel,ascending,100000,99900,100,100,66,293524,89494,5,292764
rebuild_reasons,ascending,100000,0,0,0
tree,ascending,100000,0,1,499.959,499.959,499.959,0
p1_work,719468,719634
[v3.0.0-preview.2 ascending 100000]
diag,ascending,100000,1568929,1568929,99983,17,0,0,0,0,0,0,0,0,300001,12628392,2.051,3,4,8.204,16,22.407,38,10702928,4800000,3200000,2702872,48
relabel,ascending,100000,100000,0,0,0,0,0,0,0
placement,ascending,100000,99999,1,99935,0,0,0,0,0,0,0,205089,4
rebuild_reasons,ascending,100000,0,0,0
tree,ascending,100000,0,1,66.330,66.330,66.330,0
[v2.0.0 equal 100000]
diag,equal,100000,1639288,1639288,99958,18,90,81,9,27,5,405,64242,9,1870842,120173304,3.881,5,6,15.523,24,37.045,54,28341744,4800000,3200000,6001184,48
rebuild_reasons,equal,100000,0,9,522876
tree,equal,100000,0,1,436.095,436.095,436.095,0
[v3.0.0-preview.1 equal 100000]
diag,equal,100000,1568929,1568929,99983,17,100,100,0,66,89494,293524,35518,0,1739366,155027832,3.987,6,7,15.950,28,37.899,62,22181704,4800000,3200000,6065528,48
relabel,equal,100000,99900,100,100,66,293524,89494,5,292764
rebuild_reasons,equal,100000,0,0,0
tree,equal,100000,0,1,494.695,494.695,494.695,0
p1_work,719468,719634
[v3.0.0-preview.2 equal 100000]
diag,equal,100000,1568929,1568929,99983,17,0,0,0,0,0,0,0,0,300001,12628392,2.051,3,4,8.204,16,22.407,38,10702928,4800000,3200000,2702872,48
relabel,equal,100000,100000,0,0,0,0,0,0,0
placement,equal,100000,99999,1,99935,0,0,0,0,0,0,0,205089,4
rebuild_reasons,equal,100000,0,0,0
tree,equal,100000,0,1,66.206,66.206,66.206,0
[v2.0.0 duplicates 100000]
diag,duplicates,100000,1634918,1634918,125629,18,30798,30534,264,8125,64,311512,254,10,2869073,170301080,3.796,4,4,15.184,16,36.368,38,29648128,4800000,3200000,5902816,48
rebuild_reasons,duplicates,100000,0,10,556781
tree,duplicates,100000,0,1,604.046,604.046,604.046,0
[v3.0.0-preview.1 duplicates 100000]
diag,duplicates,100000,1588203,1588203,109124,18,6462,6462,0,1808,8192,97256,0,0,602555,30992160,2.146,4,5,8.582,24,23.164,54,10798784,4800000,3200000,2775400,48
relabel,duplicates,100000,93538,6462,6462,1808,97256,8192,0,0
rebuild_reasons,duplicates,100000,0,0,0
tree,duplicates,100000,0,1,139.310,139.310,139.310,0
p1_work,142816,151086
[v3.0.0-preview.2 duplicates 100000]
diag,duplicates,100000,1588203,1588203,109124,18,6446,6446,0,1891,8192,99280,0,0,611061,31702432,2.192,4,5,8.767,24,23.535,54,10848032,4800000,3200000,2824696,48
relabel,duplicates,100000,93554,6446,6446,1891,99280,8192,0,0
placement,duplicates,100000,3205,90349,0,0,6446,0,6446,146992,155329,8192,332148,7
rebuild_reasons,duplicates,100000,0,0,0
tree,duplicates,100000,0,1,138.544,138.544,138.544,0
[v2.0.0 random 100000]
diag,random,100000,1538335,1538335,69256,19,208,141,67,279,64,2223,66,1,332091,16692968,2.757,3,3,11.027,16,28.054,38,11619984,4800000,3200000,3619968,48
rebuild_reasons,random,100000,0,1,2799
tree,random,100000,0,1,129.722,129.722,129.722,0
[v3.0.0-preview.1 random 100000]
diag,random,100000,1544756,1544756,69754,20,23,23,0,75,4230,8606,0,0,342239,17606696,2.838,3,3,11.353,24,28.706,54,11748000,4800000,3200000,3747960,48
relabel,random,100000,99977,23,23,75,8606,4230,1,4230
rebuild_reasons,random,100000,0,0,0
tree,random,100000,0,1,135.197,135.197,135.197,0
p1_work,20990,21088
[v3.0.0-preview.2 random 100000]
diag,random,100000,1544756,1544756,69754,20,22,22,0,64,4230,6302,0,0,332988,17648304,2.838,3,3,11.353,24,28.706,54,11748016,4800000,3200000,3747960,48
relabel,random,100000,99978,22,22,64,6302,4230,1,4230
placement,random,100000,16,99962,0,0,22,0,22,16390,16476,4230,281285,7
rebuild_reasons,random,100000,0,0,0
tree,random,100000,0,1,126.947,126.947,126.947,0
[v2.0.0 alternating 10000]
diag,alternating,10000,132835,132835,15977,15,8367,6209,2158,9766,64,94168,2132,26,1264010,93747288,2.935,3,3,11.742,16,29.483,38,2601016,480000,320000,388544,48
rebuild_reasons,alternating,10000,0,26,134148
tree,alternating,10000,0,1,220.934,220.934,220.934,0
[v3.0.0-preview.1 alternating 10000]
diag,alternating,10000,146639,146639,16221,17,3390,3390,0,2748,4096,119789,0,0,467792,34524096,1.624,3,5,6.498,24,18.995,54,1296120,480000,320000,223744,48
relabel,alternating,10000,6610,3390,3390,2748,119789,4096,1,189
rebuild_reasons,alternating,10000,0,0,0
tree,alternating,10000,0,1,89.171,89.171,89.171,0
p1_work,212525,218663
[v3.0.0-preview.2 alternating 10000]
diag,alternating,10000,146639,146639,16221,17,3390,3390,0,2748,4096,119789,0,0,467792,34524112,1.624,3,5,6.498,24,18.995,54,1296136,480000,320000,223744,48
relabel,alternating,10000,6610,3390,3390,2748,119789,4096,1,189
placement,alternating,10000,1,6609,0,0,3390,0,3390,212525,218663,4096,60878,7
rebuild_reasons,alternating,10000,0,0,0
tree,alternating,10000,0,1,88.704,88.704,88.704,0
[v2.0.0 descending 10000]
diag,descending,10000,123617,123617,9986,14,0,0,0,0,0,0,0,0,30000,960000,1.000,1,1,6.578,8,15.939,17,960000,480000,320000,159984,48
rebuild_reasons,descending,10000,0,0,0
tree,descending,10000,0,1,4.167,4.167,4.167,0
[v3.0.0-preview.1 descending 10000]
diag,descending,10000,123617,123617,9986,14,0,0,0,0,0,0,0,0,30001,960024,1.000,1,1,6.578,8,15.939,17,960024,480000,320000,159984,48
p1_work,0,0
relabel,descending,10000,10000,0,0,0,0,0,0,0
rebuild_reasons,descending,10000,0,0,0
tree,descending,10000,0,1,3.767,3.767,3.767,0
[v3.0.0-preview.2 descending 10000]
diag,descending,10000,123617,123617,9986,14,0,0,0,0,0,0,0,0,30001,960040,1.000,1,1,4.000,4,13.999,14,960040,480000,320000,159984,48
relabel,descending,10000,10000,0,0,0,0,0,0,0
placement,descending,10000,9999,1,9935,0,0,0,0,0,0,0,9999,1
rebuild_reasons,descending,10000,0,0,0
tree,descending,10000,0,1,3.960,3.960,3.960,0
[v3.0.0-preview.1 ascending 300000]
diag,ascending,300000,5175713,5175713,299981,19,400,400,0,292,297829,3322735,131520,0,17311843,1609093040,3.942,4,4,15.770,20,37.540,46,77533656,14400000,9600000,18768144,48
relabel,ascending,300000,299600,400,400,292,3322735,297829,20,3319695
rebuild_reasons,ascending,300000,0,0,0
tree,ascending,300000,0,1,4904.116,4904.116,4904.116,0
p1_work,8205007,8205699
[v3.0.0-preview.2 ascending 300000]
diag,ascending,300000,5175713,5175713,299981,19,1,1,0,15,261578,261578,65536,0,1947484,157032728,3.712,4,4,14.847,16,35.694,38,64182200,14400000,9600000,17307296,48
relabel,ascending,300000,299999,1,1,15,261578,261578,1,261578
placement,ascending,300000,299998,1,299934,1,0,1,0,523714,523730,261578,1265294,9
rebuild_reasons,ascending,300000,0,0,0
tree,ascending,300000,0,1,657.407,657.407,657.407,0
