# Direct V2/V3 diagnostic output; see v3-preview1-metadata.md
# Diagnostics are untimed comparison facts.
version=v2.0.0 workload=ascending n=100000
diag,ascending,100000,1639288,1639288,99958,18,90,81,9,27,5,405,64242,9,1870842,120173304,3.881,5,6,15.523,24,37.045,54,28341744,4800000,3200000,6001184,48
version=v3.0.0-preview.1 workload=ascending n=100000
diag,ascending,100000,1568929,1568929,99983,17,100,100,0,66,89494,293524,35518,0,1739366,155027832,3.987,6,7,15.950,28,37.899,62,22181704,4800000,3200000,6065528,48
relabel,ascending,100000,99900,100,100,66,293524,89494,5,292764
version=v2.0.0 workload=duplicates n=100000
diag,duplicates,100000,1634918,1634918,125629,18,30798,30534,264,8125,64,311512,254,10,2869073,170301080,3.796,4,4,15.184,16,36.368,38,29648128,4800000,3200000,5902816,48
version=v3.0.0-preview.1 workload=duplicates n=100000
diag,duplicates,100000,1588203,1588203,109124,18,6462,6462,0,1808,8192,97256,0,0,602555,30992160,2.146,4,5,8.582,24,23.164,54,10798784,4800000,3200000,2775400,48
relabel,duplicates,100000,93538,6462,6462,1808,97256,8192,0,0
version=v2.0.0 workload=alternating n=10000
diag,alternating,10000,132835,132835,15977,15,8367,6209,2158,9766,64,94168,2132,26,1264010,93747288,2.935,3,3,11.742,16,29.483,38,2601016,480000,320000,388544,48
version=v3.0.0-preview.1 workload=alternating n=10000
diag,alternating,10000,146639,146639,16221,17,3390,3390,0,2748,4096,119789,0,0,467792,34524096,1.624,3,5,6.498,24,18.995,54,1296120,480000,320000,223744,48
relabel,alternating,10000,6610,3390,3390,2748,119789,4096,1,189
version=v2.0.0 workload=equal n=100000
diag,equal,100000,1639288,1639288,99958,18,90,81,9,27,5,405,64242,9,1870842,120173304,3.881,5,6,15.523,24,37.045,54,28341744,4800000,3200000,6001184,48
version=v3.0.0-preview.1 workload=equal n=100000
diag,equal,100000,1568929,1568929,99983,17,100,100,0,66,89494,293524,35518,0,1739366,155027832,3.987,6,7,15.950,28,37.899,62,22181704,4800000,3200000,6065528,48
relabel,equal,100000,99900,100,100,66,293524,89494,5,292764
