Policy experiment diagnostics: instrumented GCC -O2 builds; A8/C/Dlog/E12 at 500k and 1m; B16 final source at 500k and 1m.
[A ascending 500000]
path_max,ascending,500000,8
diag,ascending,500000,8975713,8975713,499981,19,1,1,0,15,261578,261578,128155,0,2547484,199032808,4.368,8,8,17.473,32,40.946,70,70332760,24000000,16000000,30332704,48
relabel,ascending,500000,499999,1,1,15,261578,261578,1,261578
placement,ascending,500000,499998,1,499934,1,0,1,0,523714,523730,261578,2335920,9
[A ascending 1000000]
path_max,ascending,1000000,5
diag,ascending,1000000,18951425,18951425,999980,20,4,4,0,65,981087,2487584,262144,0,13742513,1237677144,4.506,5,5,18.023,20,42.046,46,261503264,48000000,32000000,71945744,48
relabel,ascending,1000000,999996,4,4,65,2487584,981087,4,2487584
placement,ascending,1000000,999995,1,999931,4,0,4,0,5371136,5371205,981087,4796143,9
[C ascending 500000]
path_max,ascending,500000,16
diag,ascending,500000,8975713,8975713,499981,19,0,0,0,0,0,0,303958,0,1500001,144335712,8.153,15,16,32.611,64,71.221,134,92557152,24000000,16000000,52557096,48
relabel,ascending,500000,500000,0,0,0,0,0,0,0
placement,ascending,500000,499999,1,499935,0,0,0,0,0,0,0,4076329,16
[C ascending 1000000]
path_max,ascending,1000000,31
diag,ascending,1000000,18951425,18951425,999980,20,0,0,0,0,0,0,803958,0,3000001,496745496,15.780,30,31,63.119,124,132.239,254,288763760,48000000,32000000,208763704,48
relabel,ascending,1000000,1000000,0,0,0,0,0,0,0
placement,ascending,1000000,999999,1,999935,0,0,0,0,0,0,0,15779859,31
[D ascending 500000]
path_max,ascending,500000,16
diag,ascending,500000,8975713,8975713,499981,19,0,0,0,0,0,0,303958,0,1500001,144335712,8.153,15,16,32.611,64,71.221,134,92557152,24000000,16000000,52557096,48
relabel,ascending,500000,500000,0,0,0,0,0,0,0
placement,ascending,500000,499999,1,499935,0,0,0,0,0,0,0,4076329,16
[D ascending 1000000]
path_max,ascending,1000000,19
diag,ascending,1000000,18951425,18951425,999980,20,1,1,0,16,524288,524288,738602,0,5097197,766487448,7.210,14,15,28.839,76,63.677,158,224656312,48000000,32000000,97495800,48
relabel,ascending,1000000,999999,1,1,16,524288,524288,0,0
placement,ascending,1000000,999998,1,999934,1,0,1,0,1048568,1048585,524288,10258379,21
[E12 ascending 500000]
path_max,ascending,500000,4
diag,ascending,500000,8975713,8975713,499981,19,1,1,0,16,392650,392650,196608,0,3333920,327419816,3.736,4,4,14.945,16,35.890,38,110319752,24000000,16000000,28352104,48
relabel,ascending,500000,499999,1,1,16,392650,392650,1,392650
placement,ascending,500000,499998,1,499934,1,0,1,0,916930,916947,392650,2871880,13
[E12 ascending 1000000]
path_max,ascending,1000000,8
diag,ascending,1000000,18951425,18951425,999980,20,2,2,0,33,763358,1156008,456309,0,8457835,843087256,4.474,7,8,17.897,32,41.793,70,210582904,48000000,32000000,67004048,48
relabel,ascending,1000000,999998,2,2,33,1156008,763358,2,1156008
placement,ascending,1000000,999997,1,999933,2,0,2,0,2728856,2728891,763358,6256579,13
[B16 ascending 500000]
path_max,ascending,500000,16
diag,ascending,500000,8975713,8975713,499981,19,0,0,0,0,0,0,303958,0,1500001,144335712,8.153,15,16,32.611,64,71.221,134,92557152,24000000,16000000,52557096,48
relabel,ascending,500000,500000,0,0,0,0,0,0,0
placement,ascending,500000,499999,1,499935,0,0,0,0,0,0,0,4076329,16
[B16 ascending 1000000]
path_max,ascending,1000000,16
diag,ascending,1000000,18951425,18951425,999980,20,1,1,0,16,523722,523722,630409,0,5096064,588908496,6.173,14,15,24.692,64,55.385,134,165980120,48000000,32000000,85980064,48
relabel,ascending,1000000,999999,1,1,16,523722,523722,1,523722
placement,ascending,1000000,999998,1,999934,1,0,1,0,1048002,1048019,523722,8504632,17
